           1           1           1           1  -4.56831708838497       -4.56831708838497     
           1           1           2           2  -3.75000000000000       -3.75000000000000     
           1           1           3           3  -2.93168291161503       -2.93168291161503     
           1           1           4           4  -2.50000000000000       -2.50000000000000     
           1           1           1           1  -4.56831708838497       -4.56831708838497     
           1           1           2           2  -3.75000000000000       -3.75000000000000     
           1           1           3           3  -2.93168291161503       -2.93168291161503     
           1           1           4           4  -2.50000000000000       -2.50000000000000     
           1           1           1           1  -4.56831708838497       -4.56831708838497     
           1           1           2           2  -3.75000000000000       -3.75000000000000     
           1           1           3           3  -2.93168291161503       -2.93168291161503     
           1           1           4           4  -2.50000000000000       -2.50000000000000     
           1           1           1           1  -4.56831708838497       -4.56831708838497     
           1           1           2           2  -3.75000000000000       -3.75000000000000     
           1           1           3           3  -2.93168291161503       -2.93168291161503     
           1           1           4           4  -2.50000000000000       -2.50000000000000
     
           2           1           1           1  -4.56831708838497       -4.56831708838497     
           2           1           2           2  -3.75000000000000       -3.75000000000000     
           2           1           3           3  -2.93168291161503       -2.93168291161503     
           2           1           4           4  -2.50000000000000       -2.50000000000000     
           2           2           5           1  -2.06831708838497       -2.06831708838497     
           2           2           6           2  -1.25000000000000       -1.25000000000000     
           2           2           7           3 -0.431682911615029      -0.431682911615029     
           2           2           8           4  0.000000000000000E+000  0.000000000000000E+000
           2           1           1           1  -4.56831708838497       -4.56831708838497     
           2           1           2           2  -3.75000000000000       -3.75000000000000     
           2           1           3           3  -2.93168291161503       -2.93168291161503     
           2           1           4           4  -2.50000000000000       -2.50000000000000     
           2           2           5           1  -2.06831708838497       -2.06831708838497     
           2           2           6           2  -1.25000000000000       -1.25000000000000     
           2           2           7           3 -0.431682911615029      -0.431682911615029     
           2           2           8           4  0.000000000000000E+000  0.000000000000000E+000
           2           1           1           1  -4.56831708838497       -4.56831708838497     
           2           1           2           2  -3.75000000000000       -3.75000000000000     
           2           1           3           3  -2.93168291161503       -2.93168291161503     
           2           1           4           4  -2.50000000000000       -2.50000000000000     
           2           2           5           1  -2.06831708838497       -2.06831708838497     
           2           2           6           2  -1.25000000000000       -1.25000000000000     
           2           2           7           3 -0.431682911615029      -0.431682911615029     
           2           2           8           4  0.000000000000000E+000  0.000000000000000E+000
           2           1           1           1  -4.56831708838497       -4.56831708838497     
           2           1           2           2  -3.75000000000000       -3.75000000000000     
           2           1           3           3  -2.93168291161503       -2.93168291161503     
           2           1           4           4  -2.50000000000000       -2.50000000000000     
           2           2           5           1  -2.06831708838497       -2.06831708838497     
           2           2           6           2  -1.25000000000000       -1.25000000000000     
           2           2           7           3 -0.431682911615029      -0.431682911615029     
           2           2           8           4  0.000000000000000E+000  0.000000000000000E+000

           3           1           1           1  -4.56831708838497       -4.56831708838497     
           3           1           2           2  -3.75000000000000       -3.75000000000000     
           3           1           3           3  -2.93168291161503       -2.93168291161503     
           3           1           4           4  -2.50000000000000       -2.50000000000000     
           3           2           5           1  -2.06831708838497       -2.06831708838497     
           3           2           6           2  -1.25000000000000       -1.25000000000000     
           3           2           7           3 -0.431682911615029      -0.431682911615029     
           3           2           8           4  0.000000000000000E+000  0.000000000000000E+000
           3           3           9           1  0.431682911615029       0.431682911615029     
           3           3          10           2   1.25000000000000        1.25000000000000     
           3           3          11           3   2.06831708838497        2.06831708838497     
           3           3          12           4   2.50000000000000        2.50000000000000     
           3           1           1           1  -4.56831708838497       -4.56831708838497     
           3           1           2           2  -3.75000000000000       -3.75000000000000     
           3           1           3           3  -2.93168291161503       -2.93168291161503     
           3           1           4           4  -2.50000000000000       -2.50000000000000     
           3           2           5           1  -2.06831708838497       -2.06831708838497     
           3           2           6           2  -1.25000000000000       -1.25000000000000     
           3           2           7           3 -0.431682911615029      -0.431682911615029     
           3           2           8           4  0.000000000000000E+000  0.000000000000000E+000
           3           3           9           1  0.431682911615029       0.431682911615029     
           3           3          10           2   1.25000000000000        1.25000000000000     
           3           3          11           3   2.06831708838497        2.06831708838497     
           3           3          12           4   2.50000000000000        2.50000000000000     
           3           1           1           1  -4.56831708838497       -4.56831708838497     
           3           1           2           2  -3.75000000000000       -3.75000000000000     
           3           1           3           3  -2.93168291161503       -2.93168291161503     
           3           1           4           4  -2.50000000000000       -2.50000000000000     
           3           2           5           1  -2.06831708838497       -2.06831708838497     
           3           2           6           2  -1.25000000000000       -1.25000000000000     
           3           2           7           3 -0.431682911615029      -0.431682911615029     
           3           2           8           4  0.000000000000000E+000  0.000000000000000E+000
           3           3           9           1  0.431682911615029       0.431682911615029     
           3           3          10           2   1.25000000000000        1.25000000000000     
           3           3          11           3   2.06831708838497        2.06831708838497     
           3           3          12           4   2.50000000000000        2.50000000000000     
           3           1           1           1  -4.56831708838497       -4.56831708838497     
           3           1           2           2  -3.75000000000000       -3.75000000000000     
           3           1           3           3  -2.93168291161503       -2.93168291161503     
           3           1           4           4  -2.50000000000000       -2.50000000000000     
           3           2           5           1  -2.06831708838497       -2.06831708838497     
           3           2           6           2  -1.25000000000000       -1.25000000000000     
           3           2           7           3 -0.431682911615029      -0.431682911615029     
           3           2           8           4  0.000000000000000E+000  0.000000000000000E+000
           3           3           9           1  0.431682911615029       0.431682911615029     
           3           3          10           2   1.25000000000000        1.25000000000000     
           3           3          11           3   2.06831708838497        2.06831708838497     
           3           3          12           4   2.50000000000000        2.50000000000000
     
           4           1           1           1  -4.56831708838497       -4.56831708838497     
           4           1           2           2  -3.75000000000000       -3.75000000000000     
           4           1           3           3  -2.93168291161503       -2.93168291161503     
           4           1           4           4  -2.50000000000000       -2.50000000000000     
           4           2           5           1  -2.06831708838497       -2.06831708838497     
           4           2           6           2  -1.25000000000000       -1.25000000000000     
           4           2           7           3 -0.431682911615029      -0.431682911615029     
           4           2           8           4  0.000000000000000E+000  0.000000000000000E+000
           4           3           9           1  0.431682911615029       0.431682911615029     
           4           3          10           2   1.25000000000000        1.25000000000000     
           4           3          11           3   2.06831708838497        2.06831708838497     
           4           3          12           4   2.50000000000000        2.50000000000000     
           4           4          13           1   2.93168291161503        2.93168291161503     
           4           4          14           2   3.75000000000000        3.75000000000000     
           4           4          15           3   4.56831708838497        4.56831708838497     
           4           1           1           1  -4.56831708838497       -4.56831708838497     
           4           1           2           2  -3.75000000000000       -3.75000000000000     
           4           1           3           3  -2.93168291161503       -2.93168291161503     
           4           1           4           4  -2.50000000000000       -2.50000000000000     
           4           2           5           1  -2.06831708838497       -2.06831708838497     
           4           2           6           2  -1.25000000000000       -1.25000000000000     
           4           2           7           3 -0.431682911615029      -0.431682911615029     
           4           2           8           4  0.000000000000000E+000  0.000000000000000E+000
           4           3           9           1  0.431682911615029       0.431682911615029     
           4           3          10           2   1.25000000000000        1.25000000000000     
           4           3          11           3   2.06831708838497        2.06831708838497     
           4           3          12           4   2.50000000000000        2.50000000000000     
           4           4          13           1   2.93168291161503        2.93168291161503     
           4           4          14           2   3.75000000000000        3.75000000000000     
           4           4          15           3   4.56831708838497        4.56831708838497     
           4           1           1           1  -4.56831708838497       -4.56831708838497     
           4           1           2           2  -3.75000000000000       -3.75000000000000     
           4           1           3           3  -2.93168291161503       -2.93168291161503     
           4           1           4           4  -2.50000000000000       -2.50000000000000     
           4           2           5           1  -2.06831708838497       -2.06831708838497     
           4           2           6           2  -1.25000000000000       -1.25000000000000     
           4           2           7           3 -0.431682911615029      -0.431682911615029     
           4           2           8           4  0.000000000000000E+000  0.000000000000000E+000
           4           3           9           1  0.431682911615029       0.431682911615029     
           4           3          10           2   1.25000000000000        1.25000000000000     
           4           3          11           3   2.06831708838497        2.06831708838497     
           4           3          12           4   2.50000000000000        2.50000000000000     
           4           4          13           1   2.93168291161503        2.93168291161503     
           4           4          14           2   3.75000000000000        3.75000000000000     
           4           4          15           3   4.56831708838497        4.56831708838497     
